4807
1304
1388
3878
238
1258
8503
2259
1528
10616
1042
1521
1077
709
155
4037
520
140
223
593
426
591
320
25
6861
154
418
39
265
4998
1269
146
801
1146
1246
2549
1541
165
319
500
896
1798
473
7642
280
370
1229
223
146
11364
246
589
2508
294
2540
656
351
310
502
888
950
171
91
9722
503
325
361
78
906
924
874
4299
150
332
163
4887
2943
5098
2186
7567
5691
2831
3677
342
602
799
148
1272
140
78
42
1896
864
3354
2125
338
3551
1368
1810
338
3315
475
819
1459
2750
47
1016
1172
470
1326
896
103
100
155
1070
64
42
92
176
417
9
90
73
154
28
183
197
179
169
129
17
7
989
72
160
128
6
215
844
383
295
82
157
103
2790
23
213
176
145
233
42
16
7
94
555
34
16
76
291
1151
288
328
1193
604
12
288
1182
238
128
310
61
56
186
138
1836
5165
9418
174
1512
979
2174
8037
104
1001
286
76
398
5687
9394
388
169
170
709
627
212
364
111
196
32
771
422
38
87
194
414
82
3064
308
105
2178
17
1066
793
131
178
216
452
185
2036
116
332
1018
324
2888
3328
3580
1501
1535
1948
454
398
8227
680
818
584
3074
841
3222
1300
895
499
2483
122
550
7274
5391
4664
2786
1583
2719
139
63
2515
429
2435
3400
3198
1318
2006
4782
3732
3114
2374
1341
950
758
1017
1107
2078
867
2561
805
295
501
741
76
224
346
628
1431
1707
463
2346
7
95
184
418
174
737
1273
1517
1830
272
1271
911
518
165
239
257
83
77
234
297
1097
2400
2459
1928
649
411
4763
81
31
14
232
103
574
83
1673
716
167
23
238
1612
71
145
328
197
142
87
8
27
417
96
408
59
47
42
127
28
69
274
140
40
25
33
163
187
164
18
20
8
160
342
99
338
95
429
374
20
86
1500
54
23
29
80
6
19
69
83
368
95
233
1039
1455
21
123
75
21
1849
221
33
95
126
273
92
54
50
219
189
189
99
235
172
1665
11
207
66
17
34
61
114
376
19
10
178
42
59
22
100
101
20
33
15
627
66
164
88
186
563
21
174
154
24
102
53
2083
1992
1585
1964
347
429
311
172
687
3266
3848
1793
3211
1429
672
648
1314
111
243
28
146
66
240
1582
11
75
40
539
290
271
487
22
23
320
288
275
47
1302
47
205
54
31
13
6
85
30
164
164
113
70
80
68
13
568
117
14
438
51
119
7
27
286
34
11
664
858
19
13
473
101
9
20
31
34
62
22
78
299
33
565
40
3561
979
1743
62
126
695
274
997
423
1312
415
427
717
787
137
174
284
670
244
703
419
164
87
35
33
97
27
385
245
94
44
76
65
47
246
39
62
33
24
121
115
131
413
254
222
971
85
55
38
6
24
54
49
43
144
71
182
66
59
44
20
93
31
243
398
411
2093
283
2301
918
359
108
46
447
1450
564
1011
349
1518
1214
1968
1925
1681
1336
429
258
549
283
102
531
882
1662
335
319
2144
87
26
20
60
19
61
56
4160
42
37
105
77
4
278
54
1195
99
23
192
8
1243
9
8
7
342
180
50
317
25
32
51
42
207
1404
392
323
640
671
678
133
143
63
2019
581
31
43
48
67
224
56
65
102
292
533
107
129
648
13
53
105
61
68
20
70
85
22
8
37
29
11
11
26
93
537
37
336
61
146
452
158
9
37
86
28
12
36
9
17
54
80
41
32
12
16
26
53
363
8
103
83
2321
1337
120
362
196
42
23
982
183
159
762
1161
170
59
42
511
466
496
1032
358
335
1593
999
715
2271
109
22
19
137
26
58
22
16
6
48
44
545
71
1909
761
997
20
70
28
191
18
26
10
41
33
6
63
24
2
25
7
15
25
11
12
17
35
7
12
21
13
28
47
15
358
14
37
71
243
251
11
46
40
45
22
54
20
18
193
39
37
139
12
30
200
94
61
145
142
4
593
641
165
581
346
362
355
225
762
273
126
610
311
288
287
187
847
16
35
13
19
47
29
40
48
46
48
13
37
53
132
26
61
895
176
58
355
158
9
38
7
35
123
22
46
19
480
61
23
22
39
208
1623
59
16
6
9
36
11
68
106
268
322
612
112
214
192
105
245
65
130
78
173
70
36
28
77
76
60
758
8
22
16
29
11
48
14
253
28
29
49
137
228
117
253
324
112
63
9
42
20
39
99
73
4
27
65
21
20
18
45
28
10
241
46
8
140
114
170
11
62
12
14
24
36
148
17
50
26
13
20
6
14
20
11
9
8
14
11
43
18
42
9
24
9
43
30
30
83
72
33
48
16
24
199
430
19
166
61
190
25
67
583
26
171
558
25
51
43
52
105
63
63
82
223
44
28
106
60
32
48
29
17
47
29
30
61
78
42
45
23
19
24
12
16
26
24
12
23
174
20
5
18
9
10
17
10
18
8
221
92
105
7
7
9
14
285
14
16
23
19
91
21
29
89
27
21
47
9
31
14
20
43
16
15
15
18
8
17
9
50
72
172
12
342
81
33
72
6
55
22
25
75
141
23
12
29
120
35
71
284
25
228
54
64
8
334
113
236
121
126
222
101
99
14
89
135
17
68
264
71
9
15
110
185
30
14
5
46
110
1043
25
22
67
31
14
18
50
14
23
88
4
41
42
49
126
43
33
28
101
26
11
15
15
262
127
1679
1534
489
1440
4982
307
939
989
302
262
2971
7141
345
1850
1008
4601
2133
380
253
241
2031
1495
287
1038
578
332
785
228
413
589
1008
102
123
1831
133
15
990
2974
922
361
1669
3735
1121
6
314
113
50
128
1592
108
338
721
1653
419
128
302
839
427
756
484
336
136
264
508
49
330
844
669
496
207
115
27
387
108
39
461
720
411
2597
42
103
873
898
99
206
58
346
218
76
149
1035
345
397
80
167
762
27
1001
468
97
185
1601
135
6653
341
1164
326
358
518
85
11
107
319
124
131
124
33
955
276
167
517
174
402
880
131
234
133
277
2694
519
9
64
8
38
185
768
49
65
118
16
18
77
7
12
9
5
39
17
11
49
98
52
163
200
220
102
63
44
723
257
1722
33
1876
4382
800
377
129
241
50
16
190
4031
79
2550
7
42
63
69
148
266
1296
359
118
374
263
439
106
33
126
28
18
77
28
269
193
44
183
256
379
1029
362
403
167
1481
1000
689
965
64
2490
159
706
110
107
1081
2269
236
91
18
9
69
24
196
87
72
738
495
160
65
1010
219
798
210
732
149
137
325
77
276
425
61
217
194
147
492
710
273
73
628
153
223
138
112
321
82
48
174
49
116
344
221
113
900
131
452
113
24
2534
447
963
52
723
12
208
347
403
245
279
134
83
54
451
50
13
212
128
376
699
40
92
85
168
145
556
374
317
343
274
613
40
36
240
76
552
241
140
119
53
175
250
289
98
455
188
384
10
285
64
127
257
146
28
282
236
59
260
227
240
93
59
56
266
266
459
73
487
412
43
634
447
145
131
360
136
174
64
211
26
81
990
271
111
132
186
28
125
24
31
72
47
31
108
26
135
132
67
1219
12
204
29
38
12
31
102
200
333
119
132
25
45
29
67
26
14
17
178
36
37
34
138
42
251
155
109
282
39
45
18
106
291
160
8
29
9
45
64
20
18
76
7
10
19
205
21
65
47
399
210
73
241
993
10
189
184
56
125
12
87
32
129
165
312
107
8
335
231
114
118
264
74
162
192
125
222
405
25
17
24
125
38
39
2875
329
377
556
141
794
1294
41
9
117
673
32
44
21
273
1739
732
327
397
127
742
126
96
307
138
86
344
282
230
629
332
188
520
176
167
1071
84
89
50
290
26
86
299
153
395
16
47
37
653
132
196
341
24
15
82
60
112
162
224
196
11
87
377
389
64
33
55
192
400
37
120
267
22
20
50
328
112
21
32
177
212
251
26
19
38
67
400
914
266
88
7
77
520
1712
519
48
190
1019
297
36
46
128
675
24
449
322
44
197
398
297
21
57
74
291
243
12
18
89
150
21
7
11
14
10
8
42
59
15
12
71
156
6
29
10
6
8
16
27
25
12
94
256
37
31
21
87
10
48
85
79
11
107
22
8
47
33
30
141
13
85
32
37
43
133
50
42
12
67
286
29
55
32
74
153
10
104
66
56
10
14
7
134
50
118
57
145
244
177
41
216
40
118
13
30
104
62
13
42
61
68
11
11
25
327
429
118
138
36
53
91
30
39
37
105
113
99
32
34
46
19
21
8
41
116
68
40
43
32
10
805
194
176
674
243
180
32
586
156
238
492
317
35
227
165
39
23
170
25
73
5
16
47
125
13
170
127
8
90
150
196
27
444
1426
1173
18
393
420
10
10
266
62
111
542
6
2935
120
12
124
17
17
649
28
33
71
24
18
366
288
24
37
34
16
12
12
19
20
36
73
38
82
5
89
21
23
29
46
8
26
24
43
56
151
189
25
66
32
85
187
53
20
132
387
122
52
104
7
28
17
41
484
25
38
26
49
66
17
226
24
57
22
124
15
114
44
75
76
54
47
37
51
22
15
126
78
200
34
613
77
261
299
41
53
52
180
215
31
11
249
976
691
51
6
152
188
15
176
37
83
71
27
557
227
380
953
201
350
64
13
10
30
41
15
25
89
45
273
223
208
46
364
55
307
82
40
14
198
116
19
91
109
9
90
79
14
15
51
67
47
28
21
27
60
461
55
34
27
125
52
7
51
37
38
382
115
143
87
216
211
178
30
165
69
40
24
683
69
82
108
153
60
62
152
345
172
456
137
88
37
61
46
40
62
41
67
156
36
32
134
15
37
101
179
8
123
71
277
98
141
194
110
35
34
14
50
254
583
199
82
87
118
332
44
36
96
92
23
271
15
102
40
491
24
43
20
114
4
78
10
43
5
218
10
85
8
303
7
5
449
95
59
58
32
67
12
99
37
12
93
241
8
290
28
9
101
191
48
143
408
111
8
165
256
64
25
214
23
87
37
162
111
49
27
66
98
33
102
155
71
249
102
833
210
144
14
67
527
38
14
71
34
9
53
75
50
36
18
73
80
7
168
50
69
15
150
36
71
71
110
53
26
39
8
26
6
42
38
24
57
20
73
18
142
19
66
91
95
13
126
257
103
835
13
74
317
108
179
179
16
80
83
57
13
8
16
56
469
55
47
39
91
50
166
1304
24
24
20
328
24
40
251
52
85
18
10
50
280
52
40
34
17
26
1043
55
95
266
45
96
22
30
39
57
57
18
6
161
145
390
30
59
183
65
134
48
75
107
14
324
7
158
30
301
24
11
115
354
53
118
169
287
186
131
72
102
14
43
67
65
52
161
365
344
185
269
23
45
45
76
12
30
92
120
146
28
16
29
55
48
246
115
102
40
21
21
130
151
12
43
156
28
50
19
245
47
258
81
97
99
69
89
57
113
66
54
191
31
31
5
15
199
73
422
154
172
30
7
230
108
20
57
53
29
9
9
28
34
22
98
328
12
7
26
10
7
20
62
25
28
22
43
28
175
123
43
81
22
10
48
21
17
44
18
8
31
9
139
216
144
304
19
45
380
153
199
108
14
66
162
58
69
98
30
24
76
103
12
105
99
34
31
64
135
41
71
12
10
40
36
15
75
130
65
66
16
9
25
122
43
9
53
79
151
52
94
30
36
83
76
33
140
44
45
71
65
10
22
26
169
144
36
16
20
29
19
23
37
575
102
84
148
446
14
30
24
133
45
118
33
100
71
21
84
49
25
31
34
8
42
9
49
71
11
64
14
47
31
26
18
298
8
106
38
12
367
15
44
37
22
53
23
80
39
109
86
33
91
15
60
35
38
130
148
57
245
19
257
18
20
69
43
23
29
80
8
11
26
47
35
35
222
25
104
6
48
12
36
54
28
32
38
57
18
51
83
8
27
34
26
196
17
20
26
29
8
120
45
8
5
18
307
163
21
31
93
6
16
219
20
38
25
52
71
23
69
14
67
11
49
42
37
24
47
42
11
283
28
9
126
36
75
10
13
20
52
88
89
29
14
26
63
166
131
89
304
17
166
18
16
22
368
21
47
10
35
37
29
34
11
41
47
5
46
100
33
77
9
30
32
13
39
57
10
13
16
17
11
58
12
93
26
12
33
12
17
146
80
6
923
104
45
22
67
106
94
104
21
58
140
87
15
156
74
14
38
20
155
82
10
27
109
17
157
71
23
46
32
8
51
228
528
22
63
17
41
37
87
112
4
15
61
6
16
15
28
13
7
71
29
5
17
19
38
131
33
24
27
17
26
22
53
57
59
111
63
34
24
16
15
142
12
10
25
12
60
34
7
34
15
26
28
150
15
5
14
16
12
12
76
16
36
36
80
43
69
6
11
5
6
9
38
62
12
12
207
11
48
29
18
7
19
42
54
36
8
8
65
620
37
51
27
15
45
8
18
38
42
49
116
62
51
86
30
103
14
66
39
28
68
69
49
18
89
137
13
13
15
33
34
18
17
47
20
116
20
20
60
11
74
162
14
14
51
24
19
37
89
167
32
30
100
24
23
47
9
229
56
55
52
100
26
144
119
101
61
95
166
31
18
8
94
32
51
180
82
119
24
19
12
70
35
162
127
8
305
42
11
50
8
102
24
103
52
131
76
25
33
44
11
15
23
124
7
22
25
36
65
135
35
43
100
78
59
23
30
105
275
126
19
73
12
14
32
49
52
144
39
39
59
26
49
48
173
58
9
40
10
47
8
117
19
74
44
9
19
14
459
29
15
6
15
76
44
19
76
129
41
110
63
45
11
37
54
33
8
30
164
92
64
19
61
28
7
49
89
93
14
33
27
73
33
192
122
69
15
16
48
34
308
27
98
286
17
85
241
18
16
24
24
132
93
15
34
17
19
54
30
84
51
7
13
27
15
36
89
27
20
101
20
137
39
32
43
27
10
25
20
20
83
12
50
83
28
8
33
44
19
113
43
588
287
57
7
111
27
265
37
34
11
35
41
8
62
33
37
22
8
120
11
5
49
72
31
7
39
113
18
7
26
5
11
116
5
19
31
12
22
32
17
11
42
4
28
29
56
10
13
74
14
6
13
315
24
96
6
11
15
200
5
2
71
18
47
22
32
9
18
20
9
18
41
19
43
61
39
9
6
21
36
78
68
42
12
25
34
8
42
38
41
23
11
6
12
57
12
8
10
6
9
23
117
14
132
28
15
640
26
8
43
33
9
21
29
13
41
9
21
15
11
22
6
50
24
22
12
36
33
13
11
29
14
9
11
12
28
35
9
8
21
30
15
29
15
13
74
16
54
62
56
11
4
8
5
27
17
5
42
74
7
22
11
15
8
38
6
94
12
16
7
6
12
10
10
13
7
13
12
9
10
45
8
53
16
6
88
45
15
42
129
7
39
112
13
9
22
28
40
19
16
37
11
22
17
13
178
21
11
10
51
5
10
55
6
125
56
14
150
17
11
19
14
24
5
74
7
40
12
69
5
11
13
15
149
15
8
10
40
23
43
12
14
40
31
5
55
19
52
75
110
40
6
11
93
125
18
117
51
71
34
17
36
165
27
15
20
52
213
20
13
57
301
22
67
29
19
20
19
27
22
7
87
11
7
31
27
13
36
25
28
60
8
32
7
9
7
78
18
10
31
8
16
13
25
57
24
47
8
38
31
11
42
48
241
26
56
64
22
14
40
17
10
14
9
28
23
49
34
35
73
27
18
9
62
134
10
33
10
66
6
12
28
60
9
46
32
13
5
8
28
12
9
8
10
51
40
48
22
62
11
30
34
20
19
20
17
11
8
15
10
13
12
10
23
15
25
11
8
19
29
11
9
13
8
7
11
10
36
70
15
29
54
21
32
18
12
6
32
13
18
20
22
42
32
13
17
44
42
10
3
15
72
25
34
21
9
22
27
9
7
15
12
17
12
6
14
47
28
7
29
9
65
36
10
45
6
3
16
9
43
25
16
64
26
6
138
62
58
87
30
162
56
15
20
12
93
17
12
13
9
29
23
10
105
77
6
54
13
20
54
8
7
21
24
7
10
11
12
20
14
14
21
8
35
28
29
11
18
35
36
13
14
7
12
90
8
19
20
22
12
14
18
10
16
15
8
8
11
16
22
11
9
49
11
54
75
18
30
13
48
10
18
17
23
6
11
7
49
14
9
10
13
4
18
61
20
35
28
25
14
15
19
35
13
10
5
17
56
26
14
9
10
8
12
30
17
24
11
29
7
9
11
65
7
45
20
25
6
23
62
8
11
27
13
11
14
83
29
15
15
15
8
26
11
3
139
16
22
34
12
26
35
12
9
27
14
19
34
9
19
8
10
18
53
8
13
15
189
7
43
9
12
13
10
32
18
14
25
18
16
14
6
18
23
20
14
17
7
18
13
8
10
10
32
8
18
10
10
9
7
10
48
13
7
10
18
6
11
11
5
64
19
20
7
34
37
9
78
48
41
19
21
28
14
14
8
40
16
10
18
59
51
12
26
30
6
7
33
19
25
7
12
48
30
64
7
58
26
36
48
32
49
16
15
7
40
23
25
28
17
6
43
4
6
48
10
18
8
18
23
18
13
18
27
11
15
14
14
11
51
21
13
18
54
19
13
21
9
6
19
23
19
8
5
36
5
19
4
7
17
5
14
4
28
53
13
48
8
44
14
18
24
7
14
42
22
17
9
8
18
40
8
37
35
21
14
9
6
10
17
4
9
37
14
15
8
25
14
52
21
84
37
23
45
5
22
5
28
184
23
17
38
27
54
49
11
22
9
7
8
10
21
15
13
19
15
8
15
11
17
12
9
16
16
27
11
9
54
27
103
16
110
95
24
8
9
20
32
34
13
13
22
19
7
2
15
12
44
10
9
24
24
11
9
7
9
49
9
17
27
8
16
9
27
10
22
50
6
13
13
8
14
29
18
20
17
19
11
8
13
19
8
8
20
20
24
86
4
9
16
18
30
18
7
10
9
8
6
45
4
7
23
44
9
17
26
69
12
21
41
21
18
68
23
43
9
42
11
8
178
18
9
24
10
13
12
16
77
14
30
18
15
12
7
11
34
20
14
14
18
24
9
6
23
7
18
65
13
35
13
10
9
16
22
11
6
12
15
27
10
12
8
12
27
14
8
8
33
33
18
12
27
15
8
8
10
13
16
11
23
53
15
21
14
56
21
8
6
30
9
8
23
28
5
139
11
13
10
12
8
14
7
61
11
8
17
17
9
5
28
4
15
12
9
13
25
5
9
16
5
5
11
9
5
39
11
11
16
14
15
42
27
12
12
32
7
7
7
11
13
7
8
6
18
7
15
5
55
47
59
13
9
10
12
8
5
15
13
8
26
15
21
31
29
8
12
6
11
18
25
10
7
15
7
15
15
20
22
9
11
7
11
10
38
22
8
41
10
12
15
21
12
77
7
9
23
19
14
8
10
11
10
7
8
15
13
6
15
7
16
8
24
18
8
10
8
14
15
10
11
54
8
15
27
7
18
12
17
7
11
7
14
17
8
12
14
29
8
15
25
5
25
12
12
12
51
21
10
9
43
33
8
14
6
7
8
7
13
15
11
12
9
4
10
9
17
17
10
8
19
17
18
13
6
12
10
17
5
16
7
43
11
22
10
7
40
17
12
9
6
6
21
8
23
9
63
116
6
13
6
8
7
3
11
9
12
14
8
9
7
13
9
8
5
15
24
14
16
13
7
27
24
11
37
15
11
81
45
9
5
51
64
11
14
8
25
8
18
24
7
5
19
8
7
13
23
11
7
11
29
7
10
10
13
12
13
7
10
6
14
17
41
38
8
11
12
8
16
8
6
13
12
10
5
21
4
7
23
13
5
91
28
18
11
15
86
4
28
11
12
7
5
5
10
5
11
8
12
8
11
12
5
13
14
9
4
5
5
10
4
5
9
16
12
12
14
12
11
8
14
7
90
16
14
6
12
8
4
11
8
17
15
8
6
7
19
17
36
9
7
12
6
5
19
26
4
12
25
35
8
12
6
15
36
10
8
12
9
8
6
8
19
16
70
13
29
14
16
86
27
29
6
44
12
13
6
15
11
13
17
6
35
9
11
5
16
5
13
12
6
23
13
9
34
5
7
21
10
10
6
15
25
11
6
8
4
8
19
11
8
10
20
6
15
2
6
59
19
7
7
7
10
13
16
9
9
28
49
12
7
25
9
10
7
7
9
30
27
6
30
10
20
10
17
25
23
5
58
20
16
18
14
65
9
6
4
14
9
23
6
7
9
8
15
12
12
17
19
6
11
17
6
11
23
11
11
15
17
10
10
14
9
9
10
9
22
12
7
13
9
9
13
32
8
19
6
10
25
9
11
11
17
15
7
6
11
7
8
18
16
13
11
13
8
17
7
9
35
12
20
16
18
5
12
38
9
20
11
10
8
10
20
11
20
24
8
5
17
6
8
13
20
10
13
8
9
7
10
8
10
8
6
8
7
14
12
8
9
12
10
10
19
6
13
28
17
11
10
9
9
7
7
6
15
13
7
10
5
8
9
7
5
5
17
17
14
7
22
9
15
26
5
11
14
11
20
9
8
10
11
13
11
21
10
7
5
14
11
24
8
16
27
6
10
14
7
10
6
15
9
8
13
6
6
5
11
7
6
10
8
16
17
10
5
10
10
16
10
16
12
10
16
7
9
8
20
22
7
10
14
18
10
8
7
10
6
6
8
3
9
4
9
5
8
9
12
9
10
11
9
10
15
11
16
14
8
6
7
14
13
7
5
12
10
10
8
13
13
6
14
8
10
15
17
15
5
21
6
7
9
6
12
12
13
18
8
6
15
5
9
4
7
8
10
5
9
9
19
6
10
12
13
8
10
8
8
10
8
26
13
11
8
9
8
13
11
7
6
13
7
9
8
13
7
8
4
13
11
12
7
22
21
14
2
9
6
11
9
11
11
9
16
6
6
8
8
12
4
9
16
7
11
8
6
8
7
9
8
5
9
3
9
11
5
8
15
14
7
11
8
10
4
8
15
4
7
9
7
7
18
4
5
10
14
7
7
7
7
10
3
10
5
6
6
7
14
33
9
4
16
9
3
7
13
4
6
7
7
10
7
5
3
4
10
11
8
12
9
4
9
7
8
8
9
2
6
8
8
6
5
